PL/0 code:

  0  INC         9
  1  LIT         2
  2  STO    0    5
  3  LIT         3
  4  STO    0    6
  5  LIT         4
  6  STO    0    7
  7  LIT         6
  8  STO    0    8
  9  LOD    0    5
 10  LOD    0    6
 11  SUB    0    3
 12  STO    0    5
 13  LOD    0    7
 14  LOD    0    8
 15  SUB    0    3
 16  STO    0    7
 17  LOD    0    7
 18  LOD    0    5
 19  DIV    0    5
 20  STO    0    4
 21  HLT

Execution:
                      pc   bp   sp   stack
                       0    1    0  
  0  INC         9     1    1    9   0 0 0 0 0 0 0 0 0 
  1  LIT         2     2    1   10   0 0 0 0 0 0 0 0 0 2 
  2  STO    0    5     3    1    9   0 0 0 0 0 2 0 0 0 
  3  LIT         3     4    1   10   0 0 0 0 0 2 0 0 0 3 
  4  STO    0    6     5    1    9   0 0 0 0 0 2 3 0 0 
  5  LIT         4     6    1   10   0 0 0 0 0 2 3 0 0 4 
  6  STO    0    7     7    1    9   0 0 0 0 0 2 3 4 0 
  7  LIT         6     8    1   10   0 0 0 0 0 2 3 4 0 6 
  8  STO    0    8     9    1    9   0 0 0 0 0 2 3 4 6 
  9  LOD    0    5    10    1   10   0 0 0 0 0 2 3 4 6 2 
 10  LOD    0    6    11    1   11   0 0 0 0 0 2 3 4 6 2 3 
 11  SUB  	      12    1   10   0 0 0 0 0 2 3 4 6 -1 
 12  STO    0    5    13    1    9   0 0 0 0 0 -1 3 4 6 
 13  LOD    0    7    14    1   10   0 0 0 0 0 -1 3 4 6 4 
 14  LOD    0    8    15    1   11   0 0 0 0 0 -1 3 4 6 4 6 
 15  SUB  	      16    1   10   0 0 0 0 0 -1 3 4 6 -2 
 16  STO    0    7    17    1    9   0 0 0 0 0 -1 3 -2 6 
 17  LOD    0    7    18    1   10   0 0 0 0 0 -1 3 -2 6 -2 
 18  LOD    0    5    19    1   11   0 0 0 0 0 -1 3 -2 6 -2 -1 
 19  DIV  	      20    1   10   0 0 0 0 0 -1 3 -2 6 2 
 20  STO    0    4    21    1    9   0 0 0 0 2 -1 3 -2 6 
 21  HLT 	      22    1    9   0 0 0 0 2 -1 3 -2 6 
