PL/0 code:

  0  INC         7
  1  LIT       250
  2  STO    0    5
  3  LIT       100
  4  STO    0    6
  5  LOD    0    5
  6  LOD    0    6
  7  ADD    0    2
  8  STO    0    4
  9  HLT

Execution:
                      pc   bp   sp   stack
                       0    1    0  
  0  INC         7     1    1    7   0 0 0 0 0 0 0 
  1  LIT       250     2    1    8   0 0 0 0 0 0 0 250 
  2  STO    0    5     3    1    7   0 0 0 0 0 250 0 
  3  LIT       100     4    1    8   0 0 0 0 0 250 0 100 
  4  STO    0    6     5    1    7   0 0 0 0 0 250 100 
  5  LOD    0    5     6    1    8   0 0 0 0 0 250 100 250 
  6  LOD    0    6     7    1    9   0 0 0 0 0 250 100 250 100 
  7  ADD  	       8    1    8   0 0 0 0 0 250 100 350 
  8  STO    0    4     9    1    7   0 0 0 0 350 250 100 
  9  HLT 	      10    1    7   0 0 0 0 350 250 100 
